Epson do Brasil
versao do arquivo 008 - 06 de Agosto de 2012 - Rev.: FAS

bank tox  toy  citx city daof moof yoff addx addy valx valy fexx fexy sex  sey

banco do brasil
1,   840, 260, 715, 310,  32,  38,  52, 840, 460, 220, 150, 800, 172, 840, 220

banespa especial
33,  840, 265, 680, 300,  32,  40,  52, 840, 470, 260, 150, 800, 200, 840, 235

nossa caixa
151, 840, 260, 810, 300,  39,  47,  62, 840, 470, 190, 130, 800, 180, 840, 220

banco bradesco
237, 840, 290, 700, 330,  31,  36,  54, 840, 476, 240, 150, 840, 205, 840, 247

itaú
341, 840, 265, 700, 315,  32,  39,  52, 840, 496, 220, 150, 800, 195, 840, 230

santander
353, 840, 255, 650, 300,  31,  37,  50, 840, 470, 210, 130, 850, 185, 840, 220

banco real
356, 840, 270, 715, 320,  33,  39,  55, 840, 440, 230, 140, 840, 205, 840, 240

HSBC
399, 840, 265, 670, 305,  32,  36,  51, 840, 470, 250, 130, 800, 185, 840, 220

unibanco
409, 840, 250, 700, 320,  35,  43,  54, 840, 470, 210, 150, 800, 195, 840, 230

bank boston
479, 830, 275, 730, 310,  40,  43,  56, 840, 470, 200, 140, 800, 195, 840, 235

Citibank
745, 840, 280, 730, 328,  35,  40,  56, 840, 476, 210, 150, 840, 205, 840, 237